  0.0000000000000000   0.0000000000000000
  0.0312500000000000   0.0000000763299156
  0.0625000000000000   0.0000005385634824
  0.0937500000000000   0.0000020474174331
  0.1250000000000000   0.0000057703351703
  0.1562500000000000   0.0000134982050773
  0.1875000000000000   0.0000276334084101
  0.2187500000000000   0.0000513597937116
  0.2500000000000000   0.0000888850780356
  0.2812500000000000   0.0001454581088162
  0.3125000000000000   0.0002273821643321
  0.3437500000000000   0.0003420464272650
  0.3750000000000000   0.0004977901870148
  0.4062500000000000   0.0007040749065110
  0.4375000000000000   0.0009719728131308
  0.4687500000000000   0.0013142472731311
  0.5000000000000000   0.0017454321548125
  0.5312500000000000   0.0022819671466701
  0.5625000000000000   0.0029418837283716
  0.5937500000000000   0.0037448521180277
  0.6250000000000000   0.0047124596403342
  0.6562500000000000   0.0058680569112137
  0.6875000000000000   0.0072367640917388
  0.7187500000000000   0.0088454320896270
  0.7500000000000000   0.0107222610910560
  0.7812500000000000   0.0128970582310092
  0.8125000000000000   0.0154019374856463
  0.8437500000000000   0.0182715426842739
  0.8750000000000000   0.0215435155500815
  0.9062500000000000   0.0252586756584320
  0.9375000000000000   0.0294603148097232
  0.9687500000000000   0.0341944737107619
  1.0000000000000000   0.0395105288995812
  1.0312500000000000   0.0454603586965212
  1.0625000000000000   0.0520973678889171
  1.0937500000000000   0.0594755093594761
  1.1250000000000000   0.0676472251811712
  1.1562500000000000   0.0766629051994392
  1.1875000000000000   0.0865719237153413
  1.2187500000000000   0.0974212378016709
  1.2500000000000000   0.1092537650171381
  1.2812500000000000   0.1221084393913000
  1.3125000000000000   0.1360192294111612
  1.3437500000000000   0.1510150715815282
  1.3750000000000000   0.1671215875315572
  1.4062500000000000   0.1843593744296005
  1.4375000000000000   0.2027402446691181
  1.4687500000000000   0.2222666291479012
  1.5000000000000000   0.2429302628932133
  1.5312500000000000   0.2647115512613974
  1.5625000000000000   0.2875831609835731
  1.5937500000000000   0.3115099048167499
  1.6250000000000000   0.3364471990896647
  1.6562500000000000   0.3623427044861077
  1.6875000000000000   0.3891355304964063
  1.7187500000000000   0.4167570997020321
  1.7500000000000000   0.4451352124894136
  1.7812500000000000   0.4741917342302898
  1.8125000000000000   0.5038371522059747
  1.8437500000000000   0.5339687916202418
  1.8750000000000000   0.5644660501888732
  1.9062500000000000   0.5951895049104472
  1.9375000000000000   0.6259881913948752
  1.9687500000000000   0.6566973706045144
  2.0000000000000000   0.6871340647599098
  2.0312500000000000   0.7171014719227927
  2.0625000000000000   0.7463900797988158
  2.0937500000000000   0.7747816053688129
  2.1250000000000000   0.8020611297124804
  2.1562500000000000   0.8280167404797203
  2.1875000000000000   0.8524314719313415
  2.2187500000000000   0.8750885368320462
  2.2500000000000000   0.8957746482305133
  2.2812500000000000   0.9142794630644763
  2.3125000000000000   0.9304047751372342
  2.3437500000000000   0.9439641762701279
  2.3750000000000000   0.9547747598893522
  2.4062500000000000   0.9626652083472730
  2.4375000000000000   0.9674871214237041
  2.4687500000000000   0.9691174381084032
  2.5000000000000000   0.9674675339327691
  2.5312500000000000   0.9624830566604515
  2.5625000000000000   0.9541267854219033
  2.5937500000000000   0.9423780332322944
  2.6250000000000000   0.9272337363584284
  2.6562500000000000   0.9087015668471614
  2.6875000000000000   0.8868079598399161
  2.7187500000000000   0.8615926318486140
  2.7500000000000000   0.8330902830836078
  2.7812500000000000   0.8013403972056118
  2.8125000000000000   0.7664043638680651
  2.8437500000000000   0.7283721772686259
  2.8750000000000000   0.6873850562630073
  2.9062500000000000   0.6436357549143371
  2.9375000000000000   0.5973360551604596
  2.9687500000000000   0.5487250150178998
  3.0000000000000000   0.4980827059047314
  3.0312500000000000   0.4457164328902721
  3.0625000000000000   0.3919696333493760
  3.0937500000000000   0.3372117042317472
  3.1250000000000000   0.2817971422828581
  3.1562500000000000   0.2260744841168413
  3.1875000000000000   0.1704140877159331
  3.2187500000000000   0.1151969612681410
  3.2500000000000000   0.0608186846383336
  3.2812500000000000   0.0076896879548195
  3.3125000000000000  -0.0438039772102024
  3.3437500000000000  -0.0932989819034013
  3.3750000000000000  -0.1404345717357623
  3.4062500000000000  -0.1848756426821788
  3.4375000000000000  -0.2263252122868868
  3.4687500000000000  -0.2645317549055241
  3.5000000000000000  -0.2993235772788571
  3.5312500000000000  -0.3306003444416786
  3.5625000000000000  -0.3582881390104281
  3.5937500000000000  -0.3823356125532358
  3.6250000000000000  -0.4026994915718539
  3.6562500000000000  -0.4193301123399062
  3.6875000000000000  -0.4322073326258614
  3.7187500000000000  -0.4413227102932126
  3.7500000000000000  -0.4466340138168635
  3.7812500000000000  -0.4480906151345064
  3.8125000000000000  -0.4456572494592532
  3.8437500000000000  -0.4393297349456879
  3.8750000000000000  -0.4291998262769564
  3.9062500000000000  -0.4154465174123303
  3.9375000000000000  -0.3982537013390894
  3.9687500000000000  -0.3778283293369210
  4.0000000000000000  -0.3544190029203750
  4.0312500000000000  -0.3282895770386086
  4.0625000000000000  -0.2997645373657309
  4.0937500000000000  -0.2692104539220451
  4.1250000000000000  -0.2369504310055916
  4.1562500000000000  -0.2032955396370892
  4.1875000000000000  -0.1685961732764907
  4.2187500000000000  -0.1332284816651027
  4.2500000000000000  -0.0976299009817075
  4.2812500000000000  -0.0622931335447598
  4.3125000000000000  -0.0276699926163420
  4.3437500000000000   0.0058257558188893
  4.3750000000000000   0.0377955642454160
  4.4062500000000000   0.0678982319759049
  4.4375000000000000   0.0958326027325181
  4.4687500000000000   0.1213547253596848
  4.5000000000000000   0.1443569437081623
  4.5312500000000000   0.1648381836055456
  4.5625000000000000   0.1828351613180817
  4.5937500000000000   0.1984120042784505
  4.6250000000000000   0.2115991866014241
  4.6562500000000000   0.2223802502478071
  4.6875000000000000   0.2307835962393295
  4.7187500000000000   0.2368470427267637
  4.7500000000000000   0.2405515580138474
  4.7812500000000000   0.2418646021052616
  4.8125000000000000   0.2407369082409003
  4.8437500000000000   0.2371282261479948
  4.8750000000000000   0.2311295072515662
  4.9062500000000000   0.2229307691372682
  4.9375000000000000   0.2126928144776530
  4.9687500000000000   0.2005728817066607
  5.0000000000000000   0.1867217455865053
  5.0312500000000000   0.1712543218536435
  5.0625000000000000   0.1543566220068176
  5.0937500000000000   0.1362610790564371
  5.1250000000000000   0.1171338926925557
  5.1562500000000000   0.0971344083761528
  5.1875000000000000   0.0764613132765122
  5.2187500000000000   0.0553470988383582
  5.2500000000000000   0.0341464256772381
  5.2812500000000000   0.0133133861475427
  5.3125000000000000  -0.0067443578114343
  5.3437500000000000  -0.0256640625867197
  5.3750000000000000  -0.0431332027367531
  5.4062500000000000  -0.0589376250220410
  5.4375000000000000  -0.0728790350515392
  5.4687500000000000  -0.0848047490804542
  5.5000000000000000  -0.0947229091107931
  5.5312500000000000  -0.1027473818382813
  5.5625000000000000  -0.1090437816687467
  5.5937500000000000  -0.1138116069514357
  5.6250000000000000  -0.1171589645083371
  5.6562500000000000  -0.1191093481552641
  5.6875000000000000  -0.1197480342130040
  5.7187500000000000  -0.1191759691606128
  5.7500000000000000  -0.1174598347744591
  5.7812500000000000  -0.1146806223851519
  5.8125000000000000  -0.1108645405313185
  5.8437500000000000  -0.1060139039292001
  5.8750000000000000  -0.1002615554732893
  5.9062500000000000  -0.0938110368401946
  5.9375000000000000  -0.0868160747870437
  5.9687500000000000  -0.0794031065128556
  6.0000000000000000  -0.0716180745447012
  6.0312500000000000  -0.0634142737426011
  6.0625000000000000  -0.0548057226493233
  6.0937500000000000  -0.0458433119680992
  6.1250000000000000  -0.0365300428586286
  6.1562500000000000  -0.0268898751999928
  6.1875000000000000  -0.0169620984786611
  6.2187500000000000  -0.0068119775382676
  6.2500000000000000   0.0033444822308493
  6.2812500000000000   0.0131828925438464
  6.3125000000000000   0.0224055047583584
  6.3437500000000000   0.0307441161978057
  6.3750000000000000   0.0380184193828523
  6.4062500000000000   0.0441646278581230
  6.4375000000000000   0.0490971354758342
  6.4687500000000000   0.0527454821038981
  6.5000000000000000   0.0551576225983227
  6.5312500000000000   0.0564369089557833
  6.5625000000000000   0.0567461699878504
  6.5937500000000000   0.0562856340911433
  6.6250000000000000   0.0551352610446496
  6.6562500000000000   0.0532895663762864
  6.6875000000000000   0.0508051161554499
  6.7187500000000000   0.0477610803053166
  6.7500000000000000   0.0442612879851126
  6.7812500000000000   0.0404664393468613
  6.8125000000000000   0.0364689656481857
  6.8437500000000000   0.0323205629737115
  6.8750000000000000   0.0281588615972632
  6.9062500000000000   0.0241392739445937
  6.9375000000000000   0.0203823548729350
  6.9687500000000000   0.0169828856256578
  7.0000000000000000   0.0139158735912064
  7.0312500000000000   0.0110513389088343
  7.0625000000000000   0.0082937815430352
  7.0937500000000000   0.0055663218731978
  7.1250000000000000   0.0027954190521389
  7.1562500000000000  -0.0000414667086583
  7.1875000000000000  -0.0029824134159418
  7.2187500000000000  -0.0060584899310264
  7.2500000000000000  -0.0091849499496003
  7.2812500000000000  -0.0122093347490733
  7.3125000000000000  -0.0149738452022527
  7.3437500000000000  -0.0173228677575153
  7.3750000000000000  -0.0191968656611643
  7.4062500000000000  -0.0206290095720274
  7.4375000000000000  -0.0216121949789841
  7.4687500000000000  -0.0221310036223537
  7.5000000000000000  -0.0222076694637869
  7.5312500000000000  -0.0218578392076943
  7.5625000000000000  -0.0211494517443116
  7.5937500000000000  -0.0201824150099869
  7.6250000000000000  -0.0189624344716981
  7.6562500000000000  -0.0174471031188449
  7.6875000000000000  -0.0156322971852232
  7.7187500000000000  -0.0135317577019128
  7.7500000000000000  -0.0112234228183800
  7.7812500000000000  -0.0088553532780666
  7.8125000000000000  -0.0065263773967935
  7.8437500000000000  -0.0043039804133786
  7.8750000000000000  -0.0022816227183507
  7.9062500000000000  -0.0005305951688912
  7.9375000000000000   0.0008816523508542
  7.9687500000000000   0.0018957752517936
  8.0000000000000000   0.0025479489825221
  8.0312500000000000   0.0029414203622597
  8.0625000000000000   0.0031720371503583
  8.0937500000000000   0.0033340187534264
  8.1250000000000000   0.0034818743288228
  8.1562500000000000   0.0036163831863236
  8.1875000000000000   0.0037665740292511
  8.2187500000000000   0.0039681755580300
  8.2500000000000000   0.0042092296388562
  8.2812500000000000   0.0044642622204089
  8.3125000000000000   0.0046849697904576
  8.3437500000000000   0.0048091193307780
  8.3750000000000000   0.0048422623905289
  8.4062500000000000   0.0048361681689449
  8.4375000000000000   0.0048137826163578
  8.4687500000000000   0.0047873770077522
  8.5000000000000000   0.0047509808951477
  8.5312500000000000   0.0046647829033802
  8.5625000000000000   0.0045218514502034
  8.5937500000000000   0.0043343858225342
  8.6250000000000000   0.0040740206115655
  8.6562500000000000   0.0037050681551158
  8.6875000000000000   0.0032011567389363
  8.7187500000000000   0.0025415043494911
  8.7500000000000000   0.0017609353660200
  8.7812500000000000   0.0009397879607318
  8.8125000000000000   0.0001391123456781
  8.8437500000000000  -0.0005915111092346
  8.8750000000000000  -0.0012133426235125
  8.9062500000000000  -0.0017168480965208
  8.9375000000000000  -0.0020800572424307
  8.9687500000000000  -0.0022773291756357
  9.0000000000000000  -0.0023252523539042
  9.0312500000000000  -0.0022606824984290
  9.0625000000000000  -0.0021273482242390
  9.0937500000000000  -0.0019750712698079
  9.1250000000000000  -0.0018163261416872
  9.1562500000000000  -0.0016323013679681
  9.1875000000000000  -0.0014235492760978
  9.2187500000000000  -0.0011978503532593
  9.2500000000000000  -0.0009622912653412
  9.2812500000000000  -0.0007369819916073
  9.3125000000000000  -0.0005229720269453
  9.3437500000000000  -0.0003089004447431
  9.3750000000000000  -0.0001121459356361
  9.4062500000000000   0.0000394839832728
  9.4375000000000000   0.0001268897081170
  9.4687500000000000   0.0001340558535286
  9.5000000000000000   0.0000713000610680
  9.5312500000000000  -0.0000262815777454
  9.5625000000000000  -0.0001367696793997
  9.5937500000000000  -0.0002450116660458
  9.6250000000000000  -0.0003322317300178
  9.6562500000000000  -0.0003891451363262
  9.6875000000000000  -0.0004017750785020
  9.7187500000000000  -0.0003542468768496
  9.7500000000000000  -0.0002554706033752
  9.7812500000000000  -0.0001288538184812
  9.8125000000000000   0.0000033677061070
  9.8437500000000000   0.0001185052395974
  9.8750000000000000   0.0002096593032213
  9.9062500000000000   0.0002862933139737
  9.9375000000000000   0.0003480216920699
  9.9687500000000000   0.0003904984664793
 10.0000000000000000   0.0004157445014913
 10.0312500000000000   0.0004233505471691
 10.0625000000000000   0.0004205247793610
 10.0937500000000000   0.0004197259006520
 10.1250000000000000   0.0004165883430173
 10.1562500000000000   0.0003978004577686
 10.1875000000000000   0.0003560363538876
 10.2187500000000000   0.0002861430489518
 10.2500000000000000   0.0001929635994173
 10.2812500000000000   0.0000927485520674
 10.3125000000000000  -0.0000062646250786
 10.3437500000000000  -0.0001006137179932
 10.3750000000000000  -0.0001819268787231
 10.4062500000000000  -0.0002443518119471
 10.4375000000000000  -0.0002809071864972
 10.4687500000000000  -0.0002835169120992
 10.5000000000000000  -0.0002564461328608
 10.5312500000000000  -0.0002120715121799
 10.5625000000000000  -0.0001605509330632
 10.5937500000000000  -0.0001115440349441
 10.6250000000000000  -0.0000691809901695
 10.6562500000000000  -0.0000304290690682
 10.6875000000000000   0.0000032169596573
 10.7187500000000000   0.0000281377284440
 10.7500000000000000   0.0000451756343274
 10.7812500000000000   0.0000552901433833
 10.8125000000000000   0.0000621323145748
 10.8437500000000000   0.0000716139711360
 10.8750000000000000   0.0000823043235634
 10.9062500000000000   0.0000882820136006
 10.9375000000000000   0.0000866060256141
 10.9687500000000000   0.0000753010296402
 11.0000000000000000   0.0000554386274158
 11.0312500000000000   0.0000323779819763
 11.0625000000000000   0.0000080726957188
 11.0937500000000000  -0.0000175279401802
 11.1250000000000000  -0.0000413286356522
 11.1562500000000000  -0.0000603188115536
 11.1875000000000000  -0.0000714147774885
 11.2187500000000000  -0.0000711304789012
 11.2500000000000000  -0.0000608394741914
 11.2812500000000000  -0.0000454469475103
 11.3125000000000000  -0.0000284035325572
 11.3437500000000000  -0.0000126393374171
 11.3750000000000000   0.0000003136220332
 11.4062500000000000   0.0000114351452949
 11.4375000000000000   0.0000200131771067
 11.4687500000000000   0.0000244104182506
 11.5000000000000000   0.0000252697383716
 11.5312500000000000   0.0000237524531421
 11.5625000000000000   0.0000216306755292
 11.5937500000000000   0.0000213435031222
 11.6250000000000000   0.0000225401255072
 11.6562500000000000   0.0000228984345263
 11.6875000000000000   0.0000213857733468
 11.7187500000000000   0.0000174635811537
 11.7500000000000000   0.0000113417539755
 11.7812500000000000   0.0000046717037774
 11.8125000000000000  -0.0000021740855143
 11.8437500000000000  -0.0000096639810929
 11.8750000000000000  -0.0000168671664905
 11.9062500000000000  -0.0000226596334540
 11.9375000000000000  -0.0000259920236626
 11.9687500000000000  -0.0000256347316098
 12.0000000000000000  -0.0000220268140395
 12.0312500000000000  -0.0000169000718145
 12.0625000000000000  -0.0000113213668516
 12.0937500000000000  -0.0000060925952599
 12.1250000000000000  -0.0000016949984437
 12.1562500000000000   0.0000021980722934
 12.1875000000000000   0.0000053323499019
 12.2187500000000000   0.0000070757319897
 12.2500000000000000   0.0000076279226504
 12.2812500000000000   0.0000074158693045
 12.3125000000000000   0.0000069936604812
 12.3437500000000000   0.0000071377269640
 12.3750000000000000   0.0000077667096740
 12.4062500000000000   0.0000081550314775
 12.4375000000000000   0.0000080097315989
 12.4687500000000000   0.0000071984421893
 12.5000000000000000   0.0000057512437114
 12.5312500000000000   0.0000041123014214
 12.5625000000000000   0.0000023406284109
 12.5937500000000000   0.0000002318048725
 12.6250000000000000  -0.0000019624564725
 12.6562500000000000  -0.0000038968555543
 12.6875000000000000  -0.0000052616085682
 12.7187500000000000  -0.0000056825373249
 12.7500000000000000  -0.0000052485691510
 12.7812500000000000  -0.0000044219071394
 12.8125000000000000  -0.0000034509605684
 12.8437500000000000  -0.0000025009361205
 12.8750000000000000  -0.0000016864124666
 12.9062500000000000  -0.0000009155836965
 12.9375000000000000  -0.0000002593810143
 12.9687500000000000   0.0000000949175835
 13.0000000000000000   0.0000001999978731
 13.0312500000000000   0.0000001813539101
 13.0625000000000000   0.0000001769678524
 13.0937500000000000   0.0000003778520720
 13.1250000000000000   0.0000007531487052
 13.1562500000000000   0.0000010960350943
 13.1875000000000000   0.0000013210090670
 13.2187500000000000   0.0000013919696460
 13.2500000000000000   0.0000013040273034
 13.2812500000000000   0.0000011570347370
 13.3125000000000000   0.0000009547762755
 13.3437500000000000   0.0000006303508675
 13.3750000000000000   0.0000002373447100
 13.4062500000000000  -0.0000001418839415
 13.4375000000000000  -0.0000004342227345
 13.4687500000000000  -0.0000005460205529
 13.5000000000000000  -0.0000004943298367
 13.5312500000000000  -0.0000003867590329
 13.5625000000000000  -0.0000002737830228
 13.5937500000000000  -0.0000001826284229
 13.6250000000000000  -0.0000001283832149
 13.6562500000000000  -0.0000000756394947
 13.6875000000000000  -0.0000000307725177
 13.7187500000000000  -0.0000000334346050
 13.7500000000000000  -0.0000000711830655
 13.7812500000000000  -0.0000001194412009
 13.8125000000000000  -0.0000001517400800
 13.8437500000000000  -0.0000001272406652
 13.8750000000000000  -0.0000000542065665
 13.9062500000000000   0.0000000211272036
 13.9375000000000000   0.0000000786975186
 13.9687500000000000   0.0000001081902176
 14.0000000000000000   0.0000001085424015
 14.0312500000000000   0.0000001029737901
 14.0625000000000000   0.0000000934889539
 14.0937500000000000   0.0000000658442861
 14.1250000000000000   0.0000000270339552
 14.1562500000000000  -0.0000000134697222
 14.1875000000000000  -0.0000000454411261
 14.2187500000000000  -0.0000000514219177
 14.2500000000000000  -0.0000000345622730
 14.2812500000000000  -0.0000000132741718
 14.3125000000000000   0.0000000043114487
 14.3437500000000000   0.0000000130852355
 14.3750000000000000   0.0000000122574662
 14.4062500000000000   0.0000000112244044
 14.4375000000000000   0.0000000110412300
 14.4687500000000000   0.0000000063596389
 14.5000000000000000  -0.0000000012034165
 14.5312500000000000  -0.0000000101049082
 14.5625000000000000  -0.0000000174785040
 14.5937500000000000  -0.0000000168766751
 14.6250000000000000  -0.0000000093807005
 14.6562500000000000  -0.0000000010797178
 14.6875000000000000   0.0000000053748317
 14.7187500000000000   0.0000000078733621
 14.7500000000000000   0.0000000064670513
 14.7812500000000000   0.0000000050572442
 14.8125000000000000   0.0000000042868442
 14.8437500000000000   0.0000000025517143
 14.8750000000000000   0.0000000003399158
 14.9062500000000000  -0.0000000023150925
 14.9375000000000000  -0.0000000047281854
 14.9687500000000000  -0.0000000047766004
 15.0000000000000000  -0.0000000027723785
 15.0312500000000000  -0.0000000004686144
 15.0625000000000000   0.0000000013984837
 15.0937500000000000   0.0000000020695473
 15.1250000000000000   0.0000000015516723
 15.1562500000000000   0.0000000010753126
 15.1875000000000000   0.0000000008704837
 15.2187500000000000   0.0000000005354086
 15.2500000000000000   0.0000000001677933
 15.2812500000000000  -0.0000000003817041
 15.3125000000000000  -0.0000000009861795
 15.3437500000000000  -0.0000000010433608
 15.3750000000000000  -0.0000000006158432
 15.4062500000000000  -0.0000000001010349
 15.4375000000000000   0.0000000003390674
 15.4687500000000000   0.0000000004691001
 15.5000000000000000   0.0000000002959122
 15.5312500000000000   0.0000000001545940
 15.5625000000000000   0.0000000001029629
 15.5937500000000000   0.0000000000525854
 15.6250000000000000   0.0000000000208148
 15.6562500000000000  -0.0000000000637167
 15.6875000000000000  -0.0000000001856764
 15.7187500000000000  -0.0000000002002277
 15.7500000000000000  -0.0000000001193831
 15.7812500000000000  -0.0000000000199215
 15.8125000000000000   0.0000000000716181
 15.8437500000000000   0.0000000000982487
 15.8750000000000000   0.0000000000602632
 15.9062500000000000   0.0000000000303837
 15.9375000000000000   0.0000000000197119
 15.9687500000000000   0.0000000000123379
 16.0000000000000000   0.0000000000117569
 16.0312500000000000  -0.0000000000010107
 16.0625000000000000  -0.0000000000250080
 16.0937500000000000  -0.0000000000317181
 16.1250000000000000  -0.0000000000225763
 16.1562500000000000  -0.0000000000090793
 16.1875000000000000   0.0000000000056910
 16.2187500000000000   0.0000000000105051
 16.2500000000000000   0.0000000000049627
 16.2812500000000000   0.0000000000014748
 16.3125000000000000   0.0000000000012480
 16.3437500000000000   0.0000000000016721
 16.3750000000000000   0.0000000000032813
 16.4062500000000000   0.0000000000023694
 16.4375000000000000  -0.0000000000011029
 16.4687500000000000  -0.0000000000024987
 16.5000000000000000  -0.0000000000019542
 16.5312500000000000  -0.0000000000008971
 16.5625000000000000   0.0000000000005927
 16.5937500000000000   0.0000000000009440
 16.6250000000000000   0.0000000000000709
 16.6562500000000000  -0.0000000000003272
 16.6875000000000000  -0.0000000000002224
 16.7187500000000000  -0.0000000000000562
 16.7500000000000000   0.0000000000002674
 16.7812500000000000   0.0000000000002907
 16.8125000000000000  -0.0000000000000314
 16.8437500000000000  -0.0000000000001520
 16.8750000000000000  -0.0000000000000955
 16.9062500000000000  -0.0000000000000357
 16.9375000000000000   0.0000000000000654
 16.9687500000000000   0.0000000000000825
 17.0000000000000000  -0.0000000000000038
 17.0312500000000000  -0.0000000000000365
 17.0625000000000000  -0.0000000000000207
 17.0937500000000000  -0.0000000000000099
 17.1250000000000000   0.0000000000000120
 17.1562500000000000   0.0000000000000181
 17.1875000000000000  -0.0000000000000009
 17.2187500000000000  -0.0000000000000074
 17.2500000000000000  -0.0000000000000028
 17.2812500000000000  -0.0000000000000014
 17.3125000000000000   0.0000000000000021
 17.3437500000000000   0.0000000000000034
 17.3750000000000000  -0.0000000000000002
 17.4062500000000000  -0.0000000000000015
 17.4375000000000000  -0.0000000000000005
 17.4687500000000000  -0.0000000000000004
 17.5000000000000000   0.0000000000000002
 17.5312500000000000   0.0000000000000006
 17.5625000000000000   0.0000000000000001
 17.5937500000000000  -0.0000000000000001
 17.6250000000000000   0.0000000000000000
 17.6562500000000000  -0.0000000000000001
 17.6875000000000000   0.0000000000000000
 17.7187500000000000   0.0000000000000000
 17.7500000000000000   0.0000000000000000
 17.7812500000000000   0.0000000000000000
 17.8125000000000000   0.0000000000000000
 17.8437500000000000   0.0000000000000000
 17.8750000000000000   0.0000000000000000
 17.9062500000000000   0.0000000000000000
 17.9375000000000000   0.0000000000000000
 17.9687500000000000   0.0000000000000000
 18.0000000000000000   0.0000000000000000
 18.0312500000000000   0.0000000000000000
 18.0625000000000000   0.0000000000000000
 18.0937500000000000   0.0000000000000000
 18.1250000000000000   0.0000000000000000
 18.1562500000000000   0.0000000000000000
 18.1875000000000000   0.0000000000000000
 18.2187500000000000   0.0000000000000000
 18.2500000000000000   0.0000000000000000
 18.2812500000000000   0.0000000000000000
 18.3125000000000000   0.0000000000000000
 18.3437500000000000   0.0000000000000000
 18.3750000000000000   0.0000000000000000
 18.4062500000000000   0.0000000000000000
 18.4375000000000000   0.0000000000000000
 18.4687500000000000   0.0000000000000000
 18.5000000000000000   0.0000000000000000
 18.5312500000000000   0.0000000000000000
 18.5625000000000000   0.0000000000000000
 18.5937500000000000   0.0000000000000000
 18.6250000000000000   0.0000000000000000
 18.6562500000000000   0.0000000000000000
 18.6875000000000000   0.0000000000000000
 18.7187500000000000   0.0000000000000000
 18.7500000000000000   0.0000000000000000
 18.7812500000000000   0.0000000000000000
 18.8125000000000000   0.0000000000000000
 18.8437500000000000   0.0000000000000000
 18.8750000000000000   0.0000000000000000
 18.9062500000000000   0.0000000000000000
 18.9375000000000000   0.0000000000000000
 18.9687500000000000   0.0000000000000000
 19.0000000000000000   0.0000000000000000
 20.0000000000000000   0.0000000000000000
